0	0	1	0	1	1	1	1	1	1	0	1	1	1	1	1.53787892950292	-2.23267451031967	7.82611084943951	-1.04661785819042	1.57571988919183	Paysage cultive avec talus	Baie d'Audierne	-3.06711797881488	-1.85576188658456	-0.431395499847777
0	0	0	1	0	1	1	1	1	1	1	0	1	1	1	0.222335441949858	-0.209517008576007	0.832147413173461	-1.02497546987772	-0.496033667468764	Paysage cultive avec talus	Plateau leonard	-1.77145671262452	-1.90763851379588	0.584988710358045
0	0	0	0	0	0	0	1	0	1	1	1	1	1	1	1.18961192423951	-0.369862146196798	0.640997211779947	-1.011530275806	-0.429544374740648	Paysage cultive avec talus	Plateau leonard	-1.75610334476267	-1.91668816574817	0.834068493645219
0	0	0	1	1	1	0	0	0	1	1	1	1	1	1	0.773078015658239	-0.777137351281077	1.4702738880703	-1.04670053787625	0.737603432210724	Paysage cultive avec talus	Plateau leonard	-2.96340194280669	-1.91646734596227	1.05304169662556
0	0	1	1	0	1	0	0	1	1	1	1	1	1	1	1.42110222017472	-0.678429365625931	0.95495564609526	-1.01764130142759	-0.975831500483115	Paysage cultive avec talus	Baie d'Audierne	-1.49766671136468	-1.74479875790494	-0.447627711827284
0	0	0	0	0	0	0	1	1	1	0	1	1	1	1	-0.196051313771089	-0.194290850905279	2.37700546334106	-1.03843531784063	-0.469054667299143	Paysage cultive avec talus	Baie d'Audierne	-2.57741710824162	-1.75270981928773	-0.337768844823002
1	1	0	0	0	0	0	1	1	1	1	1	1	1	1	0.83153242547883	-2.76668049700264	6.8511846687389	-1.06228590152914	2.14037308605059	Paysage cultive avec talus	Crozon-Aulne maritime	-2.71411879119772	-1.74791157060789	0.308434946196821
0	0	1	0	1	1	1	1	0	1	1	1	1	1	1	-0.731501017831702	0.553046788984886	-0.216922418956935	-0.919789187253654	-0.443641774783405	Paysage cultive avec talus	Crozon-Aulne maritime	-0.35842491210273	-1.80140322073523	0.621010616779543
0	1	1	1	1	1	1	1	1	1	1	1	1	1	1	0.0168158317097576	0.381304717272445	-0.440020780462876	-0.814876570648522	-0.767949164127916	Paysage cultive avec talus	Plateau leonard	0.522356248058685	-1.81608090371798	0.868696845981352
1	0	1	0	1	1	1	1	1	1	1	1	1	1	1	-0.163388139803796	0.255219405772862	1.5995115705085	-0.961919018817937	-0.114882272458393	Paysage cultive avec talus	Plateau leonard	-0.431426932214811	-1.82515919116147	1.1146679640197
0	0	0	1	0	1	1	1	1	1	1	0	1	0	0	1.37332122272438	0.815477052502247	3.80057459354845	-1.03428302297352	-0.759062398300226	Paysage cultive avec talus	Baie d'Audierne	-2.83362996562629	-1.55441751159463	-0.695149397831937
0	1	0	0	0	0	0	0	1	1	0	1	0	1	1	0.486204874679431	0.328429708338407	0.498431426383674	-0.946155354087341	0.912226424747874	Paysage cultive avec talus	Cornouaille	0.096055266843858	-1.60820408539849	-0.473768657525744
0	0	0	1	0	0	0	0	0	0	0	0	1	1	1	-0.0364114133935631	0.140688503299017	0.0615850357409156	-1.01020140290484	0.247151823674525	Paysage cultive avec talus	Cornouaille	-2.06452988498707	-1.6177859672239	-0.294759314290178
1	0	1	1	1	0	1	1	1	1	1	1	1	1	1	0.48399753153324	-2.6427538377293	2.24653258388599	-1.04527390297465	4.09571661869738	Paysage cultive avec talus	Crozon-Aulne maritime	-2.30589363798915	-1.66457012693235	0.134154738476091
1	1	1	1	0	0	1	1	1	1	1	1	1	1	1	0.824214615058507	-2.15230806906682	0.994187814003834	-1.02697398668596	1.56198782586257	Paysage de bocage a maille elargie	De l'Aulne a l'Elorn	-0.95567955748187	-1.65489757264136	0.304806101796365
0	1	0	1	1	1	1	1	1	1	1	1	1	1	1	-0.272909791110341	-1.99631891896469	0.254711964977954	-0.967378569305921	1.4147065180364	Paysage cultive avec talus	De l'Aulne a l'Elorn	-0.919492213757898	-1.67248123276679	0.65760872979428
1	1	1	1	0	0	0	0	1	0	0	0	1	1	1	-0.203287656165067	0.286087006971018	-0.559714790221026	-0.724519681959777	-0.787811723379191	Paysage cultive avec talus	Plateau leonard	0.522356248052434	-1.67811395856847	0.895322147513273
0	1	0	1	1	1	0	1	0	1	1	0	1	0	1	0.362610172281718	0.548135353775911	0.777335140301089	-1.00530412496722	-0.0899248905092167	Paysage de cultures legumieres	Leon Legumie	0.503975095199309	-1.69115091911731	1.17105338246584
0	0	0	1	1	1	1	0	0	1	1	1	1	0	1	0.328951767289913	-0.270640367142711	1.84440418909047	-1.05649174782493	3.46522722650215	Paysage de cultures legumieres	Leon Legumie	-2.63257562640767	-1.68849529683115	1.35509980472671
1	1	0	1	1	0	1	1	1	1	1	1	1	1	0	2.66177328876047	-2.02443259440123	0.675866844197268	-1.05639846013387	-1.02023703978531	Paysage cultive avec talus	Baie d'Audierne	-3.09803807094758	-1.42565193729566	-1.17030290014154
0	1	1	1	1	1	1	1	1	1	1	1	1	1	1	1.07853357307824	-0.366804526939249	0.351618343394884	-0.937597626453525	-1.20704190103073	Paysage cultive avec talus	Cornouaille	0.320274522117479	-1.44726283022886	-1.01446982670391
0	1	1	0	0	1	1	1	1	1	1	1	1	1	1	0.646984226506482	0.320730349695173	0.24094545697034	-0.803625616512289	-0.74246886223673	Paysage cultive avec talus	Cornouaille	0.521881445808889	-1.46320152630278	-0.736890453559036
0	0	0	0	1	1	0	1	1	0	1	1	1	0	0	0.0941609153685219	0.133894454110044	-0.483592642591216	-0.759404402837995	0.256823411443923	Paysage cultive avec talus	Cornouaille	0.522356248054484	-1.47591577946932	-0.460458055498383
0	1	1	0	0	1	1	0	0	1	1	1	1	1	0	0.590728352477887	-0.384894717119798	0.60714939469489	-1.01829739267269	0.194268837112941	Paysage cultive avec talus	Cornouaille	-1.87300927581749	-1.48052058950064	-0.248117963638984
0	1	1	0	0	1	0	1	1	0	1	1	1	1	1	-0.308691318923809	0.194910848570575	0.854224459926828	-0.98903671877315	0.630777474285408	Paysage cultive avec talus	Crozon-Aulne maritime	-1.23295458025875	-1.48957218323719	0.141797041342287
1	1	1	0	0	1	1	1	1	0	0	1	1	0	1	0.487059188036761	-1.44766299230803	-0.402440846979647	-1.02954099723534	1.04784171134873	Paysage de bocage a maille elargie	De l'Aulne a l'Elorn	-1.28333450295457	-1.50732696545244	0.341449332366061
0	1	1	1	1	1	0	0	1	1	1	1	0	1	0	0.12111692381468	-1.64433135765395	-0.895889160956659	-1.02749659084815	-0.70375753653807	Paysage de bocage a maille elargie	De l'Aulne a l'Elorn	0.261739334994557	-1.52470355996857	0.646012607544376
0	1	1	0	0	1	1	1	1	0	0	0	0	1	1	-0.151556560356346	0.206804662933246	-0.123744620225173	-0.758713856695356	-1.08423373272222	Paysage cultive avec talus	Plateau leonard	0.522356248055779	-1.54010205821334	0.921476083286266
0	0	1	1	1	0	0	0	0	0	1	1	1	1	1	-0.316267294914101	0.897942492922132	0.609157068777204	-0.793976652190082	-0.929395281372299	Paysage de cultures legumieres	Leon Legumie	0.522356248052794	-1.55307094180184	1.19779540226064
1	1	1	1	1	1	1	0	1	1	1	1	1	1	1	0.781055276724233	0.335217129409692	1.75209126405139	-1.01411643265834	-0.261602424860746	Paysage de cultures legumieres	Leon Legumie	-1.50337174538346	-1.55264621523649	1.41407559693411
1	1	1	0	1	1	1	1	1	0	0	1	1	1	0	1.44358739544547	-1.67092153738364	-0.581320717329562	-1.03654859842542	-0.982442481592764	Paysage cultive avec talus	Cornouaille littorale	-0.679067794628194	-1.32669010179651	-0.966802553785883
0	1	0	0	0	0	1	1	1	1	1	0	1	0	0	0.784385557530834	-0.525156201025555	-0.785262472845739	-0.915859784196137	-0.489393070436787	Paysage cultive avec talus	Cornouaille littorale	0.52235624805617	-1.32653971495701	-0.711475789760829
0	0	0	1	1	1	1	1	0	0	1	0	0	0	0	0.446971414479485	-0.300091608157057	-0.593115655200118	-0.690805196634853	-0.743645763627773	Paysage cultive avec talus	Cornouaille	0.5223562480565	-1.33901761845754	-0.434984849126317
0	1	0	1	0	1	1	0	0	1	0	0	1	1	1	-1.07863737899978	1.09729524593288	0.698307877664031	-0.80424836314026	0.477709568859178	Paysage cultive avec talus	Cornouaille	0.522356248059143	-1.3515378238831	-0.158513720751355
1	1	0	1	1	1	1	1	1	1	1	1	1	1	0	0.547479839682342	-0.265141543572862	0.310410184457995	-0.947059774028301	0.661158990307632	Paysage cultive avec talus	Crozon-Aulne maritime	0.511265257839704	-1.36407054459169	0.117620744339129
1	1	1	1	1	1	1	1	1	1	1	1	0	1	0	1.35638468059917	-0.925266867997521	-0.613106483369858	-1.01477795462284	-0.991760446408985	Paysage de bocage a maille elargie	De l'Aulne a l'Elorn	0.233893656031264	-1.37384981092609	0.39604907018337
1	1	1	1	1	0	1	0	1	0	0	0	0	1	1	0.758866248738433	-0.0583198161475794	-0.661048101778502	-0.896097022175698	-0.304012204620948	Paysage de bocage a maille elargie	De l'Aulne a l'Elorn	0.51390745529014	-1.38923035456949	0.671054979336341
1	1	1	0	1	1	1	1	1	1	1	0	0	1	1	-0.0520598799671283	0.183279644801929	-0.337828784460475	-0.802966761634427	-0.862816035805469	Paysage de bocage a maille elargie	De l'Aulne a l'Elorn	0.522356248059456	-1.40204598411974	0.947158433796694
1	1	1	1	1	1	1	0	0	1	1	0	1	0	1	-0.300536259394921	0.827024376298729	0.550706402401284	-0.719893095213686	-0.87059618280406	Paysage de cultures legumieres	Leon Legumie	0.522356248055809	-1.41478095153382	1.22351981472874
1	0	1	1	1	1	1	1	1	1	1	1	1	1	1	0.53896533001019	0.173488315081969	2.26775374609222	-1.02833980054732	0.412123119733393	Paysage de cultures legumieres	Leon Legumie	-1.69473766056036	-1.43194343239007	1.43218787964262
0	1	1	1	1	1	1	1	1	1	1	1	1	1	1	1.18442989721251	-1.84049861444686	-1.0569180618677	-1.01242971155338	-1.49972213750045	Paysage de littoral urbanise	Cornouaille littorale	-1.14135015921492	-1.1809703649546	-0.912383482234612
0	1	1	1	1	0	1	1	1	1	1	1	1	1	1	1.41412899748744	-1.25426983132454	-0.66604208790413	-0.910663997715379	-0.9842857412362	Paysage de littoral urbanise	Cornouaille littorale	0.522356248049319	-1.18982874161239	-0.686511419045793
1	1	0	0	1	1	0	0	0	0	0	0	1	0	0	0.30844164119835	-0.588741333924979	-0.415686279271241	-0.622642885773477	-1.00463541610548	Paysage cultive avec talus	Cornouaille	0.52235624805091	-1.20207715577141	-0.409979637718705
1	0	0	1	0	1	0	0	1	0	0	1	1	1	0	-0.0318580112725376	0.148445000887864	-0.205983807722634	-0.552786118049056	0.103092020951793	Paysage cultive avec talus	Crozon-Aulne maritime	0.522356248052766	-1.21436710658142	-0.133467593431187
1	0	1	1	0	1	1	1	0	1	0	1	0	0	1	0.46821805556596	0.269558309896138	-0.316400282454339	-0.901507720325595	-0.523671732417369	Paysage cultive avec talus	Crozon-Aulne maritime	0.522356248052152	-1.22669880512137	0.143024003098626
0	0	1	0	1	0	1	0	1	0	1	1	0	0	0	0.829801780378674	-0.892604875351384	-0.234385970958758	-0.74386499061391	-0.251953601568959	Paysage cultive avec talus	De l'Aulne a l'Elorn	0.522356248049764	-1.23907246387254	0.419494440104648
1	1	1	1	1	1	0	0	0	0	1	0	0	0	1	0.377554050519341	0.0730679895047395	-0.606473525492652	-0.483616951810532	0.0122438531227546	Paysage de bocage a maille elargie	De l'Aulne a l'Elorn	0.522356248051371	-1.25148829681344	0.695943004801446
1	1	1	1	1	1	1	0	0	1	1	0	1	1	0	0.122449036137321	0.174810510283417	-0.0462256183215619	-0.461533233068558	-0.165070873131111	Paysage de bocage a maille elargie	De l'Aulne a l'Elorn	0.522356248052667	-1.26394651932502	0.972368983361706
1	1	1	1	1	0	0	0	0	0	0	1	0	0	0	-1.26794870521502	1.4079144391768	1.42092583679014	-0.630452887823483	-0.551992289665607	Paysage de cultures legumieres	Leon Legumie	0.522356248049309	-1.27644734827372	1.24877166095094
0	0	0	0	1	0	1	1	1	1	0	1	1	1	1	-0.734114600190337	1.20190065644247	3.25579405861413	-0.966805628409001	-0.707717450570618	Paysage de cultures legumieres	Leon Legumie	-0.601128782866478	-1.28596602896041	1.48836629795359
0	1	1	0	1	1	1	1	1	1	1	1	1	1	1	0.704175881918758	-0.379910372616229	-0.0940909026745222	-1.02351338142963	-1.31337676507982	Paysage de littoral urbanise	Cornouaille littorale	-2.98306836037442	-0.990173434590883	-1.12255867539369
0	0	0	0	1	0	1	0	1	1	0	1	1	0	0	0.797220074437729	-0.413247976155272	-0.610821324679719	-0.971518925641546	-0.956507774206744	Paysage de littoral urbanise	Cornouaille littorale	-0.458823087681451	-1.0279991686863	-0.919782169184662
1	1	0	0	1	1	1	1	1	1	0	1	1	1	1	0.195916682109852	0.0813709639694126	-0.781505010004366	-0.702986155434562	-0.336808744399026	Paysage de littoral urbanise	Cornouaille littorale	0.522356248053282	-1.05307644151658	-0.66201449351474
1	0	0	0	0	0	0	0	1	0	0	0	1	0	0	-0.354917818357984	0.382852725586948	-0.816968515480387	-0.296332100502633	-0.75002202750225	Paysage cultive avec talus	Cornouaille	0.522356248054057	-1.06509515668023	-0.385442629368372
0	1	1	1	1	0	0	1	0	1	0	1	0	0	0	-0.0908089356861166	0.304236393099224	-0.536659694958828	-0.25232661913952	0.404234675705392	Paysage cultive avec talus	Bassin de Chateaulin	0.522356248056134	-1.0771546418033	-0.108890428366174
1	1	1	1	0	0	1	0	0	0	0	0	0	0	0	-0.789556344415139	1.35016022139912	-0.193334753661451	-0.452904857809452	-0.236645926968953	Paysage cultive avec talus	Bassin de Chateaulin	0.522356248054436	-1.08925510415512	0.167641399081957
1	1	0	1	1	1	0	0	1	1	0	0	1	1	0	0.0477990028635346	-1.55341609567916	0.76434744596971	-0.36490721844816	-0.0963228137895761	Paysage de bocage dense sur collines	Arree	0.522356248052883	-1.10139675241213	0.444152141487524
1	1	1	1	1	0	1	0	1	1	1	1	1	1	0	-0.397378623412332	-0.830631289273978	0.625934645819165	-0.153506642153739	0.252815095269659	Paysage de bocage a maille elargie	De l'Aulne a l'Elorn	0.522356248054527	-1.11357979663186	0.720641086358404
1	1	1	1	1	1	0	0	0	0	0	1	1	1	0	-0.058276771112544	0.67857648137734	-0.0780631087895507	-0.486401728173802	-0.475898597529197	Paysage de bocage a maille elargie	De l'Aulne a l'Elorn	0.522356248055322	-1.12580444834096	0.997107520195293
0	0	1	0	1	0	1	0	1	1	0	1	1	1	0	-0.885311000188941	1.63424363118957	2.20121019618338	-0.852833606379953	-0.231578289035577	Paysage de bocage a maille elargie	De l'Aulne a l'Elorn	0.52235624805274	-1.13807092049329	1.27355072841299
0	0	0	1	1	1	1	1	1	1	1	1	1	1	1	-0.609379895883459	1.22081090477044	4.78603310557695	-1.00900116564392	0.361485196895794	Paysage de cultures legumieres	Leon Legumie	-0.403685097007357	-1.15401207481655	1.52971658971791
1	0	0	0	1	1	1	0	0	1	1	1	1	1	1	2.22718210223213	-1.20454637807464	-0.328386939642356	-1.02978885526885	-1.28805205728803	Paysage de littoral urbanise	Cornouaille littorale	-1.5158903152384	-0.893341404253714	-1.12409907746119
0	0	0	1	1	1	1	0	0	0	1	0	0	0	0	0.453605554030087	0.280687833722315	-0.516029753276537	-0.842384757431144	-1.13812277658559	Paysage de littoral urbanise	Cornouaille littorale	0.522356248052282	-0.904534567079246	-0.914615286469385
0	1	0	1	1	0	0	1	0	0	0	1	0	0	0	0.16925131635227	-0.172110197886302	-0.510244427616115	-0.422343230940607	-0.564564248694095	Paysage cultive avec talus	Cornouaille	0.522356248053624	-0.916283577562558	-0.637985216683434
0	0	0	0	0	0	0	0	0	1	0	1	1	0	0	-0.349134138947248	-0.224360792422701	-0.867796902197568	-0.0191490994080165	0.133743616504506	Paysage cultive avec talus	Cornouaille	0.522356248053216	-0.928072387862128	-0.361374028312275
1	1	1	0	1	0	1	0	0	0	0	0	0	0	0	0.287505459347399	-0.754424620400572	-0.401305414742108	0.170676121753528	0.189042289864982	Paysage cultive avec talus	Bassin de Chateaulin	0.522356248056913	-0.939901200036938	-0.0847824305309497
0	0	0	0	1	0	1	0	0	0	0	0	0	1	0	-0.7854686311474	0.797581363292552	-0.225820936239712	0.0405363894703687	0.187732558852151	Paysage cultive avec talus	Bassin de Chateaulin	0.522356248054003	-0.951770217537358	0.191788866523325
1	1	1	1	1	0	0	1	0	1	0	1	0	1	0	0.279577739648772	-1.45991255374607	-0.654748184375902	0.089869237611219	-0.357854393443024	Paysage de bocage dense sur collines	Arree	0.522356248052452	-0.963679645187912	0.468339151678225
1	1	1	1	1	1	1	0	0	1	1	0	1	1	0	-0.152051974030057	-1.99682631280173	0.218617450956684	-0.0470552734449537	0.601738399399184	Paysage de bocage a maille elargie	Tregor morlaisien	0.522356248054666	-0.975629689193865	0.744867712719042
1	1	1	1	1	1	1	1	1	0	0	1	1	1	0	0.390744164352034	-0.280116289882897	-0.380010423651898	-0.538201233203613	-0.169774279422714	Paysage de bocage a maille elargie	Tregor morlaisien	0.522356248056016	-0.987620557157767	1.02137383636959
1	0	1	1	1	1	1	1	1	1	1	1	1	1	0	0.521968237324863	-0.343462810545454	0.206221713964461	-0.960019280761493	-0.148766202817491	Paysage de bocage a maille elargie	Tregor morlaisien	0.462905325527203	-0.999601802051228	1.29608257312235
0	1	1	0	1	1	1	1	1	1	1	1	1	1	1	0.20535926673075	-0.653743512675567	1.13232091910093	-1.03376405739332	0.42295680093267	Paysage de bocage a maille elargie	Tregor morlaisien	-1.87108564830762	-0.991215591235156	1.52677907741998
0	1	1	1	1	1	1	1	1	1	1	1	1	1	1	1.88795144237718	-0.895643981590559	-0.261142089017296	-0.998221036777447	-1.2147997255804	Paysage de littoral urbanise	Cornouaille littorale	-0.223829595014009	-0.753840696792019	-1.1432926159787
1	1	1	1	1	1	1	1	1	0	1	0	1	0	0	-0.0589725520942848	0.412095980839268	-0.281288385196199	-0.76848446913217	-0.935080875416352	Paysage de littoral urbanise	Cornouaille littorale	0.522356248055705	-0.76793124484947	-0.891092352105115
0	0	0	0	0	0	0	0	0	0	0	0	0	1	1	0.372959914385144	-0.8992629338498	-0.773086601511972	-0.319987879760594	-0.836555332259489	Paysage cultive avec talus	Cornouaille	0.5223562480565	-0.779450914023823	-0.614423788279117
0	0	1	0	1	0	0	0	0	0	1	0	1	0	0	0.039792016977116	-0.627085451878493	-0.889956177528293	0.162276512532169	0.181866838116324	Paysage de bocage a maille elargie	Cornouaille interieure	0.522356248056567	-0.791009617369617	-0.337774034981092
0	1	0	1	0	0	1	0	0	1	0	0	0	0	0	0.00437434298400571	-0.309366858920251	-0.367979262825239	0.560026553024673	1.50839273107903	Paysage cultive avec talus	Bassin de Chateaulin	0.522356248059394	-0.802607553164873	-0.0611438010616458
0	0	0	0	1	1	1	1	1	1	1	1	0	0	0	-0.130946250610768	0.851629777613669	0.0326659229539423	0.539567850346989	-0.13962969077912	Paysage cultive avec talus	Bassin de Chateaulin	0.52235624805748	-0.814244921013109	0.215466203607342
1	0	1	1	0	0	0	0	0	0	1	0	0	0	0	-0.163152543078969	-0.131649424831566	-0.0551127886501161	0.470776131175176	-0.510000006004499	Paysage de bocage dense sur collines	Arree	0.522356248056184	-0.825921921850069	0.492055268113185
0	1	0	0	1	1	1	1	1	1	1	0	1	0	0	0.439631585673663	-1.06238845256404	0.0393208379243858	0.0672835273042461	-0.631118077611165	Paysage de bocage dense sur collines	Arree	0.522356248057281	-0.837638758018502	0.768622680554059
1	0	0	0	0	0	0	1	0	1	1	0	0	0	1	0.0787117151837174	-0.211010163502716	-0.346022759040115	-0.377429878112648	-0.624152368476611	Paysage de bocage a maille elargie	Tregor morlaisien	0.522356248059021	-0.849395633227863	1.04516772791635
1	1	1	1	0	0	0	0	0	1	1	0	0	0	0	-0.214655748597782	-0.237476237442541	-0.413188328348655	-0.782072708352941	-0.397470551873126	Paysage de bocage a maille elargie	Tregor morlaisien	0.522356248055576	-0.861192752522404	1.32168969634517
0	1	1	0	0	0	0	0	1	1	0	1	1	1	0	0.404427490019881	0.129858387547844	1.56701212525647	-0.97436488811008	0.410705533719844	Paysage de bocage a maille elargie	Tregor morlaisien	-1.15409121510662	-0.877350232243449	1.54401682409336
0	0	0	0	1	1	1	1	1	1	1	1	1	1	1	1.54103086138698	-1.04566811146558	2.05000952598622	-0.981692256092689	-0.00900358201890048	Paysage de littoral urbanise	Armor morbihannais	-1.68890273666184	-0.587257993155844	-1.37075729224003
0	0	1	0	1	0	0	1	0	1	1	1	0	0	1	1.61568199558005	-0.508268442816454	0.298841596219737	-0.965309163507091	-1.28937350206118	Paysage de littoral urbanise	Cornouaille littorale	0.488221124858747	-0.619609817059028	-1.14359524638765
1	1	0	0	1	0	1	0	0	0	0	0	0	1	0	1.00755400466701	-0.169777100459097	-0.30423369499221	-0.79373593856965	-1.13633698067205	Paysage cultive avec talus	Cornouaille	0.522356248049659	-0.631289085589771	-0.86803670342315
0	1	0	0	0	0	1	1	0	1	1	1	0	1	0	1.23395915447141	-0.615212207536234	-0.804381648622871	-0.336478440249027	-1.24043893678617	Paysage cultive avec talus	Cornouaille	0.522356248050746	-0.642579216518269	-0.591330404206989
1	0	1	1	0	0	1	1	1	1	1	0	0	0	0	0.128190330155971	-0.976221779803235	-0.943975858280016	0.158037655014856	-1.16632906941708	Paysage de bocage a maille elargie	Cornouaille interieure	0.522356248050541	-0.653907614675793	-0.314642845974121
0	1	0	0	1	1	1	1	1	1	1	1	0	1	0	0.0090026076157251	-0.56069045418968	-0.616379269166549	0.659253375371528	0.593575455553778	Paysage cultive avec talus	Bassin de Chateaulin	0.522356248052888	-0.665274474484012	-0.0379747372560635
0	0	1	1	1	1	1	1	1	1	1	0	1	0	0	-0.700809590285778	0.602368441169242	-0.387008547146836	0.992434237914795	0.956810322627079	Paysage cultive avec talus	Bassin de Chateaulin	0.522356248051345	-0.676679991704404	0.238673212322731
0	0	1	0	1	0	1	1	1	1	1	0	0	0	0	-0.202043617384417	0.413921455873662	-0.0724247040818645	0.714132701715593	0.376718831689978	Paysage de bocage dense sur collines	Arree	0.522356248050545	-0.688124363425963	0.515300292109411
1	0	1	0	0	0	0	0	0	0	0	0	0	1	0	-0.160412355003718	-0.693724775698736	-0.781183758573109	0.232111605652043	0.827405981170087	Paysage de bocage dense sur collines	Arree	0.522356248050541	-0.699607788074964	0.791905790453458
0	1	1	1	0	0	0	0	0	0	0	1	1	0	1	-0.165338968758935	-1.10296407489946	-0.530663640148545	-0.266683896500689	0.719366654486682	Paysage de bocage a maille elargie	Tregor morlaisien	0.522356248052848	-0.711130465405781	1.06848899475191
0	1	1	1	0	0	0	0	1	1	0	1	0	0	0	-0.200263430916888	-0.76629649340813	-0.693191812647478	-0.761899323604377	-0.501630413745831	Paysage de bocage a maille elargie	Tregor morlaisien	0.522356248049389	-0.722692596589997	1.34504919122563
0	0	1	0	0	1	1	1	1	1	1	1	1	1	1	1.78573108770184	-1.25607439350484	-0.340180256519451	-1.03468743657913	1.62162324271508	Paysage de bocage a maille elargie	Tregor morlaisien	-1.51030178504852	-0.716640400809481	1.58119179763195
0	0	0	0	1	0	1	0	0	1	1	0	0	0	0	1.01413530009242	-2.39830905727466	-0.79089734084042	-1.0498143253233	1.80346456378396	Paysage de bocage a maille elargie	Tregor	-2.92526260206913	-0.695981382505231	1.8461288171926
1	0	1	0	1	1	1	1	1	1	1	1	1	1	1	1.05648105908253	-1.79291078642814	1.58450853921663	-1.04329394715851	-0.249178987472592	Paysage de littoral urbanise	Armor morbihannais	-0.465755127906239	-0.469811962439348	-1.37506635686024
1	0	1	1	1	1	0	1	1	0	0	1	0	1	0	1.18601852372621	-0.375517301921846	-0.284098303678405	-0.968446719402721	-0.940945270066105	Paysage de littoral urbanise	Armor morbihannais	0.522356248058107	-0.483585762528503	-1.12220977260223
0	0	1	0	0	1	1	1	0	0	1	1	1	1	1	1.55760079739365	-0.533387866086105	-0.345542944975816	-0.63260340443365	-1.00224868218588	Paysage de bocage a maille elargie	Cornouaille interieure	0.522356248052292	-0.494608852459322	-0.845448531862335
0	1	0	0	1	0	0	0	1	0	0	1	0	0	0	1.171833178869	-0.862347975203923	-0.344643146242212	-0.166965557843148	-1.62128024866947	Paysage de bocage a maille elargie	Cornouaille interieure	0.522356248053254	-0.505669252022278	-0.568705256568098
0	0	0	0	0	0	0	0	0	0	0	0	0	0	0	0.905025392594686	-0.716112500256606	-0.816759554687028	0.300397519687011	-0.940835204921929	Paysage de bocage a maille elargie	Cornouaille interieure	0.522356248054382	-0.516767150523191	-0.291980654015416
0	0	1	1	1	1	1	1	0	0	1	0	0	1	0	0.402979781173373	-1.00702332838026	-0.872523645446781	0.768371927266131	0.107020771961593	Paysage de bocage dense sur collines	Montagnes noires	0.522356248056367	-0.527902738593348	-0.0152754325412538
0	1	1	1	1	0	0	0	0	0	1	0	0	0	0	-0.60800815046692	0.433606965415679	-0.727395511478629	1.15337179715599	1.77536833609664	Paysage cultive avec talus	Bassin de Chateaulin	0.522356248053827	-0.539076208114824	0.261409698520175
0	0	1	0	1	0	1	0	0	0	1	0	0	0	0	-0.179936057424962	-0.260302103435357	-0.710165529898156	0.817419674706636	1.12294327008713	Paysage cultive avec talus	Arree	0.522356248053845	-0.550287752299452	0.538074028823137
0	1	1	1	1	1	1	1	0	0	0	1	0	0	0	-0.741219933190604	-0.415016083688268	-1.17754856375687	0.332408352130703	0.906964515204596	Paysage de bocage dense sur collines	Arree	0.522356248053629	-0.561537565642144	0.814716846979734
0	1	1	1	0	0	1	0	0	1	0	0	0	0	0	-0.592970143631293	-0.818001068180269	-0.858928373293809	-0.129531536594935	0.885748464100036	Paysage de bocage dense sur collines	Arree	0.522356248055705	-0.572825843998442	1.0913374405672
0	1	1	0	0	1	0	0	0	0	1	0	0	0	0	-0.513626341028932	-0.296756979291175	-0.974606519116684	-0.526586927734584	0.197892588325625	Paysage de bocage a maille elargie	Tregor	0.522356248052422	-0.584152784541707	1.36793509623221
0	1	1	1	1	0	1	1	0	1	1	1	0	1	1	-0.635848197090829	-0.268126253535809	-0.720359368318891	-0.846893485497945	1.75860439797258	Paysage de bocage a maille elargie	Tregor	0.522356248054764	-0.595518585781918	1.64450909950447
0	1	1	1	1	1	1	1	1	1	1	1	1	1	1	0.727774086576442	-1.42753042765554	-0.701553486368756	-0.985571280176552	2.22037409080527	Paysage de bocage a maille elargie	Tregor	-0.392929300860175	-0.612004474289011	1.89440236090796
1	1	1	0	1	1	1	1	1	1	1	1	1	1	1	3.38727358632943	-2.78214762389174	1.02577449257458	-1.07002786571624	6.94308421739369	Paysage de littoral urbanise	Armor morbihannais	-2.93408348660617	-0.26338741018611	-1.93548160083519
1	1	1	1	1	1	1	1	1	1	1	1	1	1	1	1.81081223062282	-1.82482071627213	0.257307470234252	-1.03277401914392	-0.908344548998349	Paysage de littoral urbanise	Armor morbihannais	-1.01639390093209	-0.307546701272903	-1.620888673128
1	1	1	0	0	1	1	1	1	1	1	0	1	1	1	1.32872628565562	-1.16390184617082	0.376016652783644	-1.00177203334116	-1.30551926306022	Paysage de littoral urbanise	Armor morbihannais	0.522356248051909	-0.336339799605223	-1.37693999846965
0	0	1	0	0	0	0	1	1	1	1	1	1	1	1	1.51136769244382	-1.00183145522624	-0.411050385337335	-0.787219413198569	-0.604423522904506	Paysage de littoral urbanise	Armor morbihannais	0.522356248058094	-0.347097374944261	-1.1001254152891
0	0	0	0	0	0	0	1	1	0	0	0	0	0	0	1.52185615037589	-0.781493853050269	-0.565998055599896	-0.390122796864525	-0.731167956710568	Paysage de bocage a maille elargie	Cornouaille interieure	0.522356248052478	-0.357891309920879	-0.823328024995455
0	0	0	0	0	0	0	0	0	0	0	0	0	0	0	0.927582127618306	-0.348516178895321	-0.74517795710304	0.0329383061596976	-1.46039219264807	Paysage de bocage a maille elargie	Cornouaille interieure	0.522356248052231	-0.368721788780825	-0.546548533581033
0	0	0	0	0	1	0	1	0	0	0	0	0	0	1	-0.138169381973447	-0.157457943785298	-0.834821253275766	0.475990007985675	-1.03008389193088	Paysage de bocage a maille elargie	Cornouaille interieure	0.522356248054951	-0.379588997053998	-0.269787648054491
0	1	0	0	1	0	0	0	0	0	1	0	0	0	1	0.0980900962606758	-0.890189726398283	-0.913729078167396	0.948285626924774	-0.176011525273724	Paysage de bocage dense sur collines	Montagnes noires	0.52235624805614	-0.390493121469848	0.00695392348331985
0	1	1	0	0	0	0	0	0	1	0	1	1	0	0	-0.45862386359482	0.0192508736354624	-0.557918582103782	1.25988283136861	1.60691960032197	Paysage de bocage dense sur collines	Arree	0.522356248053998	-0.401434350092147	0.283675471987791
1	1	1	1	0	0	0	0	0	0	0	1	1	1	1	-0.732104321594354	-1.59971121219239	-1.04298414944453	0.931709430025503	-0.0700395667803312	Paysage de bocage dense sur collines	Arree	0.5223562480534	-0.412412872212559	0.560376287306711
0	0	1	1	0	0	0	0	0	1	0	0	0	1	0	0.0879517306580305	-0.666927752985933	-1.01850928495552	0.470158718720484	1.22650086786771	Paysage de bocage dense sur collines	Arree	0.522356248054405	-0.423428878433189	0.837055658439138
0	1	1	1	0	0	0	0	0	0	0	0	0	0	0	-0.468015255469431	-0.243154705857402	-0.469538924015014	0.0381741954861734	1.10549286140522	Paysage boise et de bosquets	Goelo	0.522356248055443	-0.434482560634939	1.11371287313115
0	1	1	1	1	0	1	0	0	0	0	0	0	0	0	-1.10846403445526	0.285576870464602	-0.944212523325245	-0.383892772112568	0.0135628667381058	Paysage boise et de bosquets	Goelo	0.522356248053103	-0.445574112012917	1.39034721832833
0	1	1	1	1	0	0	1	0	0	0	0	0	0	0	-1.51361663957252	1.30892281579563	-0.181389505488197	-0.775860206722254	0.903212133642694	Paysage boise et de bosquets	Goelo	0.522356248054242	-0.456703727097753	1.6669579798635
0	0	0	0	0	1	1	0	1	0	0	0	0	0	0	-0.333183470032722	0.689696405860658	-0.304075869174377	-0.964744911761214	1.05324462804459	Paysage boise et de bosquets	Goelo	-0.584887909567391	-0.460665887158759	1.91004025604531
1	1	1	0	1	1	1	1	1	1	1	1	1	1	1	2.22321108640753	-2.27841760747934	-0.279686696294211	-1.05212669547404	0.234649484164943	Paysage de littoral urbanise	Armor morbihannais	-2.05903142384601	-0.177049739683038	-1.82608810704229
0	1	1	1	1	0	1	0	1	1	0	1	1	1	1	1.70453608933871	-1.21775004562651	-0.796394719117045	-0.937018072147199	-0.586107843059036	Paysage de littoral urbanise	Armor morbihannais	0.522293283042334	-0.189550661719754	-1.63222312258257
0	1	1	1	1	1	1	1	0	1	1	1	1	1	1	1.85595322365194	-0.976763228451844	-0.538861888256399	-0.881349348499112	-0.815064339308833	Paysage de littoral urbanise	Armor morbihannais	0.522356248055533	-0.200043628671102	-1.35535805571787
0	1	0	0	1	1	0	0	0	0	1	0	0	0	0	1.00087582834541	-0.344696097547529	-0.0199593350141707	-0.611687652411086	-0.781284064677885	Paysage de bocage a maille elargie	Cornouaille interieure	0.522356248060541	-0.210572627960537	-1.07850814719206
0	1	1	0	1	0	0	0	0	0	0	0	0	0	0	1.23880650203884	-0.33960158915682	-0.371147715588293	-0.152091179448778	-0.547377289112298	Paysage de bocage a maille elargie	Cornouaille interieure	0.522356248056161	-0.221137223695326	-0.801675366611376
0	0	0	0	1	0	0	0	0	0	1	0	0	0	0	1.16863610929466	-0.117261381215068	-0.789945080863914	0.296005733111335	-1.3495888605569	Paysage de bocage a maille elargie	Cornouaille interieure	0.522356248055863	-0.231737596356492	-0.524860419666259
0	1	0	0	0	1	0	1	0	0	0	1	1	0	0	-0.137468096395329	0.0408292821676922	-0.519705576992718	0.726208304558901	-0.690228585392546	Paysage de bocage a maille elargie	Cornouaille interieure	0.522356248057562	-0.242373927607193	-0.24806401316073
0	0	0	1	1	0	1	1	1	1	0	1	0	0	0	0.0131409631701098	-1.25098914162332	0.811971349660102	1.09633524424624	1.72008027142476	Paysage cultive avec talus	Bassin de Saint-Nicolas-du-Pelem	0.522356248059059	-0.253046400378558	0.0287131450985681
0	0	0	1	0	0	1	1	1	0	1	0	0	1	0	-1.86258052673695	1.42413869994947	-0.175608305992948	0.967118106711634	1.05666416200181	Paysage de bocage dense sur collines	Arree	0.522356248057338	-0.263755198795439	0.305470346299064
0	0	0	0	1	0	0	0	0	0	0	0	0	1	0	-0.732491845179123	-0.565809418049107	-0.83094707890524	0.681170503778777	0.784658712503946	Paysage de bocage dense sur collines	Arree	0.522356248056416	-0.274500508261573	0.582206880558575
0	0	1	1	0	0	0	0	0	0	0	0	1	0	0	-0.176601372941259	-0.394748214012579	-0.689098362070663	0.329431448983252	0.911005541502029	Paysage boise et de bosquets	Goelo	0.522356248057905	-0.285282515451208	0.85892203712032
1	1	1	1	1	0	0	1	0	1	0	1	1	1	1	-0.0771013897942169	-0.591339556059823	-0.680003115127001	-0.131636435162124	1.20531708485763	Paysage boise et de bosquets	Goelo	0.522356248058265	-0.296101408295368	1.13561510403225
0	1	1	1	0	0	0	0	1	0	0	0	0	1	0	-1.14865309258583	0.51442680420196	-0.963330520198042	-0.603913999976278	0.734197159114244	Paysage boise et de bosquets	Goelo	0.522356248056396	-0.306957376001304	1.41228536848452
0	1	1	1	1	0	1	0	0	1	1	0	0	0	0	-1.33995267901156	1.40535324307872	-0.387768793079797	-0.955592749649909	1.19873748778507	Paysage boise et de bosquets	Goelo	0.522356248057113	-0.317850609095343	1.68893211655061
1	0	1	1	1	0	1	1	0	1	1	0	0	1	0	-0.596328497879407	1.07503208427644	-0.839419127544871	-1.01868736659882	0.996817455434787	Paysage boise et de bosquets	Goelo	0.110997830965142	-0.328538992963896	1.95323733357618
1	1	1	1	1	1	1	1	1	1	1	1	1	1	1	3.22692139118104	-2.18404469648878	-0.46871428043276	-1.06469126218992	0.881866126102841	Paysage de littoral urbanise	Armor morbihannais	-1.49204703967947	-0.041405464178318	-1.85765890836424
1	1	1	1	1	1	1	1	1	1	0	0	1	1	1	1.45648136199321	-1.35337847526632	-0.793464405029639	-0.999939491386117	-0.922341387513796	Paysage de littoral urbanise	Armor morbihannais	0.518426192159855	-0.0534259271917877	-1.61101953267791
0	0	0	0	0	1	1	1	0	1	1	1	0	1	0	0.430034872354273	-0.0393896834665422	-0.700384455357672	-0.639799855873873	-0.726902821866559	Paysage boise et de bosquets	Reliefs des Landes de Lanvaux	0.522356248050241	-0.0637120407228812	-1.33424262295687
0	1	1	1	1	0	0	1	1	1	1	1	1	0	1	1.10934500082513	-0.687241333818107	0.73496060288787	-0.281920467674382	-1.32373371833534	Paysage boise et de bosquets	Reliefs des Landes de Lanvaux	0.522356248053499	-0.0740122846977713	-1.057358147635
0	1	0	0	0	0	0	0	0	0	0	0	1	0	0	-0.141269570651592	1.53414122670572	0.334316448649982	0.0734554312903358	-0.845349051047624	Paysage de bocage a maille elargie	Cornouaille interieure	0.522356248050545	-0.0843473607602566	-0.780490736624376
0	0	0	0	0	0	0	0	0	0	1	0	1	0	1	-0.408070751410251	1.63196812981955	0.150591428846718	0.505163156790855	-0.504198600443281	Paysage de bocage a maille elargie	Cornouaille interieure	0.522356248049745	-0.0947174455383212	-0.503641095413805
0	0	0	0	0	0	0	1	0	0	0	1	0	0	0	-1.18722269846301	1.23607203147588	0.134904485677571	0.955352030737715	-0.245855815770108	Paysage de bocage a maille elargie	Cornouaille interieure	0.522356248051142	-0.105122716875487	-0.226809930552099
0	1	1	1	0	0	0	1	1	1	1	0	0	0	0	-0.80090572122018	0.365877201957387	-0.112944677613262	0.964356115233322	1.12219226334032	Paysage de bocage a maille elargie	Cornouaille interieure	0.522356248052663	-0.115563353823582	0.050002050442561
0	0	1	0	1	0	1	1	1	0	0	0	0	0	0	-0.748093522683498	0.605162764165419	-0.566050074753673	0.595632956170102	1.24999911310634	Paysage cultive avec talus	Bassin de Saint-Nicolas-du-Pelem	0.5223562480513	-0.12603953663723	0.326794138943389
0	0	0	0	0	0	0	0	0	0	1	0	1	0	0	-0.786420375860563	0.329855667865085	-0.599766149279306	0.261636568528356	0.111482167544615	Paysage de bocage dense sur collines	Arree	0.522356248050565	-0.136551446804655	0.603565625401713
0	1	1	1	0	0	0	0	0	0	0	1	0	0	0	-1.15397108314328	-0.0310951655658243	-0.289694267830035	-0.015005919098303	1.49125748885413	Paysage de bocage dense sur collines	Goelo	0.522356248050911	-0.147099267033653	0.880315799237922
1	1	1	1	1	0	0	0	0	0	0	0	1	0	0	-0.615079354969666	0.501211251749408	-0.525866531046843	-0.279460520740949	1.14807392728337	Paysage boise et de bosquets	Goelo	0.522356248052249	-0.157683181305986	1.15704394881868
1	1	1	1	1	0	1	1	1	1	1	1	0	1	1	-0.929085201938255	1.13867252767522	-0.686920925764124	-0.644651781270356	0.737085816613011	Paysage boise et de bosquets	Goelo	0.522356248049727	-0.168303374837865	1.43374936153821
0	0	0	1	0	0	0	1	1	1	0	0	0	1	0	0.191361078150278	0.252824598284402	-0.590012189538525	-0.964184473587183	0.0777299617355753	Paysage boise et de bosquets	Goelo	0.396599707127175	-0.179729017765699	1.70643970618239
0	1	1	1	1	1	1	1	0	0	1	1	1	0	1	-0.208260508529833	0.756482233937452	-0.472091693989173	-1.0438667824581	2.21853922970697	Paysage de cultures legumieres	Tregor legumier	-0.957237083424771	-0.206890217701918	1.96182815610701
0	1	1	1	1	1	1	1	1	1	1	1	1	1	1	1.5554044634402	-1.65752531158507	-0.854372350128592	-1.02373297558572	1.54182601318717	Paysage de littoral urbanise	Armor morbihannais	-2.07172481162844	0.0958621846280566	-2.05971391869487
0	1	1	0	1	0	1	1	0	1	1	1	1	0	0	3.11758689615123	-1.81274382872772	-0.970388694132538	-1.05952393569589	0.496555020091376	Paysage de littoral urbanise	Armor morbihannais	-2.2825744271297	0.0994827819485966	-1.92672670796084
0	1	1	0	1	1	1	1	1	1	1	1	1	1	1	1.00915914496982	-1.63300139040657	-0.614180612581983	-0.927407690069276	-0.434919664643288	Paysage de littoral urbanise	Armor morbihannais	0.449336694943385	0.0825462057723491	-1.58830511566044
1	1	1	1	1	0	1	1	0	1	1	1	1	0	0	0.435518551262599	-0.312544469963588	-0.361920283996082	-0.502997572209044	-0.0131221843516868	Paysage boise et de bosquets	Reliefs des Landes de Lanvaux	0.522356248052987	0.072654203627714	-1.3135938750981
1	0	1	0	0	1	0	0	1	0	1	1	1	0	1	1.326853621969	-0.639147940408608	0.120792853425918	-0.0369520113423629	-0.613037557029558	Paysage boise et de bosquets	Reliefs des Landes de Lanvaux	0.522356248057464	0.0625828904166148	-1.03667559208803
1	1	1	0	1	1	1	1	1	1	0	1	1	0	0	-0.836109816873961	1.14944893281752	0.149328232851885	0.400643482905128	-0.0170604389783527	Paysage boise et de bosquets	Reliefs des Landes de Lanvaux	0.522356248052661	0.0524775107003182	-0.759774311170338
0	0	0	0	0	0	0	0	0	0	1	0	1	0	0	-1.76390843488464	2.35237412764104	0.356282678395868	0.782644533677688	-0.127545952440361	Paysage cultive a ragosses	Bassin de Pontivy-Loudeac	0.522356248052812	0.0423378916479822	-0.482890737561755
0	0	1	0	0	0	0	1	1	1	1	1	0	0	0	-1.64450162940868	1.67536127356306	0.515728016059069	1.05414999520752	-0.0371090923087369	Paysage cultive a ragosses	Bassin de Pontivy-Loudeac	0.52235624805442	0.0321638592684082	-0.206025577573316
0	1	0	0	0	0	0	0	0	0	0	0	0	0	1	-2.13841254830769	2.09334545983381	0.522258851348266	0.699371185738663	0.222942354271319	Paysage cultive a ragosses	Bassin de Pontivy-Loudeac	0.522356248055398	0.0219552383944345	0.0708204615084675
0	0	0	0	0	0	0	0	0	1	0	0	0	0	0	-0.307963611283095	0.50919333389553	-0.347546198166874	0.264995601229469	1.72448199313443	Paysage cultive avec talus	Bassin de Saint-Nicolas-du-Pelem	0.52235624805497	0.0117118526640447	0.347646671329969
1	1	1	1	1	1	0	0	0	0	0	0	1	0	0	-0.295361938802843	-0.307478531045688	0.0244012141142091	-0.119749097258089	1.79229759295131	Paysage cultive avec talus	Bassin de Saint-Nicolas-du-Pelem	0.522356248053007	0.00143352452420984	0.624452342560483
1	1	1	1	1	1	0	0	1	0	0	0	0	0	0	-0.528462879637248	0.350163077691136	-0.639041789285229	-0.435454773680527	0.676335603400616	Paysage cultive a ragosses	Plateau de Penthievre	0.522356248054815	-0.0088799248015549	0.901236764890095
1	1	1	1	1	0	1	0	0	0	0	1	0	0	0	-0.604021721772472	1.30198934757937	-0.197756529095533	-0.699800809208193	1.72786262856681	Paysage boise et de bosquets	Goelo	0.522356248055023	-0.0192286752790854	1.17799922691517
0	1	1	1	1	0	0	0	0	1	1	1	1	1	1	-0.453986241149261	0.00512155516468517	-0.552609386431613	-0.872134624500295	1.79053434050103	Paysage boise et de bosquets	Goelo	0.270833714312018	-0.0327727899836819	1.44745315875635
0	1	0	0	0	0	1	1	1	0	1	1	0	1	1	0.460386115844252	-0.0792082147726106	-0.154668607196665	-1.02013821345776	2.48674942085986	Paysage boise et de bosquets	Goelo	-2.06570042887608	-0.07500278785111	1.69248834062199
0	1	0	0	1	1	1	1	1	1	1	1	1	1	1	2.69846362543537	-2.08348638035789	-0.17810360438078	-1.0621794383094	-0.99181923622495	Paysage de littoral urbanise	Armor morbihannais	-2.42413842758536	0.229020426914558	-2.03190911933418
0	1	1	1	1	1	1	1	1	1	1	1	1	1	0	0.480546149606396	-0.606976657027387	-0.366434898146536	-0.993040299423566	-1.06262427608225	Paysage de littoral urbanise	Armor morbihannais	0.440328702562512	0.229731593290251	-1.84813063671507
0	0	1	0	1	0	0	1	1	0	1	1	1	1	1	1.25919112333306	-1.30072265132765	-0.553880245304623	-0.859438495589839	-0.618587669279675	Paysage boise et de bosquets	Reliefs des Landes de Lanvaux	0.522356248057859	0.218863421492396	-1.57037955127968
0	1	1	0	0	0	0	1	1	0	1	1	0	0	0	0.925850381598878	-0.921634202391334	0.0671650846840248	-0.445081966852065	0.0956840621114216	Paysage boise et de bosquets	Reliefs des Landes de Lanvaux	0.522356248055566	0.209054342645854	-1.29341198317383
0	1	1	1	0	0	0	1	1	0	1	1	0	1	0	1.10265911806861	0.0302188085234445	-0.428070079857073	0.0437670158282853	-0.50550788942742	Paysage boise et de bosquets	Reliefs des Landes de Lanvaux	0.522356248061329	0.199212131866108	-1.01646065223813
0	0	1	0	0	0	0	0	0	0	1	1	0	0	0	-0.201257561022134	1.37457912119558	0.0798604107403513	0.542470799164449	0.00410499984103447	Paysage boise et de bosquets	Reliefs des Landes de Lanvaux	0.522356248055144	0.189336621305679	-0.739526262511589
0	0	0	0	0	0	0	0	0	0	0	0	0	0	0	-0.600706303376084	1.4261042796785	0.117136628994305	1.03160821338638	-0.0770359969089431	Paysage cultive a ragosses	Bassin de Pontivy-Loudeac	0.522356248056367	0.179427641956493	-0.462609518971988
0	1	0	0	1	0	0	0	0	0	0	0	0	0	0	-1.48108227316039	1.47573013960929	0.290927021967466	1.03033206673648	0.100013733144386	Paysage cultive a ragosses	Bassin de Pontivy-Loudeac	0.522356248057484	0.169485023700416	-0.185711127723708
0	0	0	1	1	1	0	0	0	1	1	1	0	0	0	-0.460842766393399	0.038821419618909	1.07390532512897	0.534487786462557	1.92943301622214	Paysage cultive a ragosses	Bassin de Pontivy-Loudeac	0.522356248058472	0.159508595254713	0.091168204198789
1	1	0	0	0	0	1	1	1	1	1	1	0	0	0	-0.826343561986239	0.487117816536476	-0.221870427813502	0.0438537142464734	0.465456091502895	Paysage de bocage dense sur collines	Massif du Mene	0.52235624805769	0.14949818416607	0.368027768698578
0	1	1	1	0	0	0	0	1	0	1	1	0	0	0	0.0226242818041819	0.375851376303302	-0.439651783406056	-0.427079687174336	0.306598936304461	Paysage de bocage dense sur collines	Massif du Mene	0.522356248056112	0.139453616815183	0.644866856679951
1	1	1	1	1	1	1	1	1	1	1	1	0	1	1	0.34254481757722	-0.791629616334372	-0.0643928288482717	-0.822225371870372	0.341494891352684	Paysage cultive a ragosses	Plateau de Penthievre	0.470147276193724	0.128625750240509	0.920030834809423
1	1	0	0	1	0	1	1	0	0	1	1	1	1	1	1.34342906257203	-0.41935681510847	-0.204107139384534	-0.983992841582334	1.17517868461571	Paysage cultive a ragosses	Plateau de Penthievre	-1.21647927419288	0.100555695724273	1.15940540788826
0	0	0	0	0	0	0	1	1	0	0	0	1	0	0	2.8899277992927	-2.76011666062553	-0.355010725689302	-1.06154319332665	0.968996169593567	Paysage associe a la presence d'eau	Marais de Guerande et de Briere	-3.19939837648778	0.393864860903016	-2.36529227433085
0	1	0	1	1	0	0	1	1	1	1	1	1	1	1	0.752375228693567	-1.73752257811033	-0.257021523640778	-1.04901343903067	0.110116298887968	Paysage associe a la presence d'eau	Marais de Guerande et de Briere	-1.74181931538939	0.392426752417233	-2.0706899673127
0	1	1	1	0	0	1	1	0	1	1	1	0	1	1	0.306353197333845	-0.606079347025508	-0.750725733539982	-0.876728771749158	-0.940941733836573	Paysage boise et de bosquets	Reliefs des Landes de Lanvaux	0.521179523329004	0.364633361686899	-1.82767289688084
0	1	1	0	0	0	0	0	0	1	0	0	0	1	1	0.957054837526909	-0.414276020064713	-0.704214126089557	-0.481226614631568	-0.340314031922396	Paysage boise et de bosquets	Reliefs des Landes de Lanvaux	0.522356248051789	0.355068186013093	-1.55069691089725
0	1	0	1	0	1	1	1	1	0	1	1	1	1	1	1.02460284055826	-1.08293344612595	0.342308093773146	-0.175854076629879	-0.656089604478468	Paysage boise et de bosquets	Reliefs des Landes de Lanvaux	0.522356248049437	0.345487613405874	-1.2736971144666
0	0	0	1	0	0	0	0	0	0	0	1	0	0	1	1.39382033962319	0.0395484555628659	-0.356119043127139	0.217424719827964	-0.627169877338941	Paysage boise et de bosquets	Reliefs des Landes de Lanvaux	0.522356248054596	0.335874672909066	-0.996713495912619
0	1	1	1	0	0	0	0	1	0	0	0	0	0	0	-0.167561724774978	0.753403358992128	-0.10490175015153	0.66779519703163	-0.307105079375174	Paysage boise et de bosquets	Reliefs des Landes de Lanvaux	0.522356248049413	0.326229200476778	-0.719746759074668
0	0	0	0	0	0	0	0	0	0	0	0	0	1	0	-0.650995745394312	-0.0104156669259457	3.71528734889313	1.13420121284743	0.678197428249095	Paysage cultive a ragosses	Bassin de Pontivy-Loudeac	0.522356248049956	0.316551030985396	-0.442797608693785
0	0	1	0	1	0	0	0	0	0	0	0	0	0	0	-0.868766935785238	1.39253537768762	0.0424881117831046	1.01990971969835	1.83956814121728	Paysage cultive a ragosses	Bassin de Pontivy-Loudeac	0.522356248051514	0.306839998140411	-0.165866750640734
0	0	1	0	0	0	0	0	0	1	0	0	0	1	0	0.700739912861765	0.308320456375735	-0.230088275205924	0.516832783188193	0.405136414235994	Paysage cultive a ragosses	Bassin de Pontivy-Loudeac	0.522356248052467	0.297095934572902	0.111045108288049
0	0	1	0	0	1	0	0	1	0	1	1	0	0	0	0.00648260339545939	0.459550560836828	-0.451165405229699	0.0202265609138939	-0.142579569251655	Paysage cultive a ragosses	Plateau de Penthievre	0.522356248051133	0.287318671737575	0.387937260227477
1	1	0	0	0	0	0	0	0	1	1	0	0	0	0	-0.319392804735567	0.993692281085095	-0.365609517749072	-0.463736029404169	-0.0525434081288495	Paysage cultive a ragosses	Plateau de Penthievre	0.52235624805003	0.277508039982376	0.664808996320348
1	1	1	1	0	1	1	0	1	1	1	1	1	0	1	-0.345108627618541	0.721322126589185	0.0745453205465082	-0.879931979008227	0.683385961029588	Paysage cultive a ragosses	Plateau de Penthievre	0.450180853441543	0.268823425797051	0.939829250988033
0	1	1	0	1	0	1	0	1	1	1	0	0	1	0	-0.586596921948842	1.00429864072525	0.125395738038447	-1.02552390012774	1.24837112143565	Paysage cultive a ragosses	Plateau de Penthievre	-2.65980468705701	0.29116459015506	1.13931682777971
0	1	1	1	1	1	0	0	1	1	1	0	1	0	0	1.30977506125733	-0.975869118230923	-0.722134503521149	-0.948125208765399	-0.18579516731641	Paysage associe a la presence d'eau	Marais de Guerande et de Briere	0.352780043493205	0.511506107248045	-2.08033734564681
1	1	0	1	1	0	0	0	0	0	0	0	0	1	0	0.704830928887327	-0.310733851055058	-0.774290410200935	-0.654604624513774	-0.470542535874636	Paysage boise et de bosquets	Reliefs des Landes de Lanvaux	0.522356248056743	0.50062561509257	-1.80852738028603
1	1	1	0	1	0	0	1	0	0	0	0	1	0	1	1.28380547648149	-1.0437774980332	-0.698351434832158	-0.241337546361122	-0.92780508315473	Paysage boise et de bosquets	Reliefs des Landes de Lanvaux	0.522356248054202	0.491305155293275	-1.53148069759636
1	1	0	1	1	0	1	0	1	0	0	1	0	0	1	1.12730980155311	-0.903659661436701	-0.111152153572065	0.184175393722227	0.642957132850216	Paysage boise et de bosquets	Reliefs des Landes de Lanvaux	0.522356248053027	0.4819532518804	-1.25444943238183
0	0	0	1	0	0	0	0	0	1	0	0	1	1	0	0.257953483251	0.339115148279296	-0.303016328903396	0.537994727823652	-0.322394188770138	Paysage boise et de bosquets	Reliefs des Landes de Lanvaux	0.522356248057552	0.472569745700475	-0.977434287117558
0	1	1	0	0	0	0	0	0	0	0	1	1	1	0	0.601243232472548	0.428486630221552	-0.0731722767932254	0.918373321004173	-0.141669653190261	Paysage boise et de bosquets	Reliefs des Landes de Lanvaux	0.522356248052531	0.463154476563799	-0.700435965442437
0	0	0	0	0	0	0	0	0	0	0	0	0	0	0	-0.652337765990426	1.39152424690608	0.266672096818436	1.32219176803923	0.693234360275574	Paysage cultive a ragosses	Bassin de Pontivy-Loudeac	0.522356248052709	0.45370728315604	-0.423455171892834
0	0	0	1	0	0	0	0	0	0	0	1	0	0	0	-1.14848189963859	1.62048868709044	-0.0420153088525508	1.12568545864045	-0.0915626068111188	Paysage cultive a ragosses	Bassin de Pontivy-Loudeac	0.522356248054598	0.444228003114679	-0.14649261208165
0	0	0	1	1	0	1	0	0	0	0	0	0	1	0	0.36405237653185	0.192224175347924	-0.0810395475090595	0.653413107316926	0.741769552627843	Paysage cultive a ragosses	Bassin de Pontivy-Loudeac	0.522356248055933	0.434716472939739	0.130451007428229
0	0	0	0	1	0	0	0	0	0	0	0	0	0	0	0.169708197851361	0.527521679201387	0.0045447810386465	0.209514020171978	0.584178367601785	Paysage cultive a ragosses	Massif du Mene	0.522356248054192	0.425172528052605	0.407374978960352
0	1	0	1	0	1	0	0	0	1	0	0	0	0	0	-0.949386703827221	2.00194188842983	0.20407890797276	-0.202607972692345	0.326038474097998	Paysage cultive a ragosses	Plateau de Penthievre	0.522356248052888	0.41559600271047	0.684278593971275
1	1	1	1	1	0	0	0	1	1	1	1	1	1	1	-0.647738125259852	1.19052817781955	-0.356030330575939	-0.547362977517596	0.862558754888054	Paysage cultive a ragosses	Plateau de Penthievre	0.522356248054438	0.405986730075842	0.961161142771089
0	1	1	0	1	1	0	0	0	1	0	0	0	0	1	-0.574573782547557	1.05048107923773	-0.119434251250738	-0.89312306368499	0.910300947767824	Paysage cultive a ragosses	Plateau de Penthievre	-0.0157642842837782	0.401851611141899	1.22277927442393
0	0	0	0	0	0	0	1	0	0	0	0	1	0	0	2.12757532991543	-1.75945959066521	0.0177822557259797	-1.05428621501015	3.11639055999616	Paysage cultive a ragosses	Plateau de Penthievre	-3.18145134845736	0.43423205896795	1.42415696922823
0	1	1	0	1	1	0	0	0	0	1	1	0	0	0	0.711762316642155	-0.839766206786758	-0.137536327312945	-0.565390504006413	-0.946729878537048	Paysage cultive a ragosses	Marches de Bretagne	-1.21485195754749	0.642985330562788	-2.01203565518042
0	0	0	1	0	0	0	1	1	0	0	1	0	0	1	1.06256033531858	-0.477642196524557	0.16173914823742	-0.364004946658431	-0.808218419949667	Paysage boise et de bosquets	Reliefs des Landes de Lanvaux	0.522356248056703	0.636665961925273	-1.78980840550886
1	0	1	1	0	1	1	0	0	1	1	1	1	1	1	1.08881836094445	-0.303864835569444	-0.390018732002931	0.0313398885522125	-0.800468551916442	Paysage boise et de bosquets	Reliefs des Landes de Lanvaux	0.522356248053393	0.627573568030609	-1.5127310704425
0	0	0	0	1	0	0	0	0	0	0	0	0	0	0	0.220117089610914	0.108547846392637	0.0414449288097705	0.449430941998824	0.333421679331647	Paysage boise et de bosquets	Reliefs des Landes de Lanvaux	0.522356248054367	0.61845049292555	-1.23566909649864
0	0	0	0	0	0	0	0	0	0	0	0	1	1	0	-0.139163512078692	1.13590288870354	-0.13714316271726	0.873860731131558	-0.396453885882741	Paysage boise et de bosquets	Reliefs des Landes de Lanvaux	0.522356248057321	0.609296581282737	-0.958623186025771
0	0	1	1	0	0	0	0	0	0	0	0	0	0	0	-0.0649868740931172	-0.231452878351979	-0.394536440777264	1.25259108890528	-0.548463353607243	Paysage boise et de bosquets	Reliefs des Landes de Lanvaux	0.522356248052492	0.600111676705267	-0.681594042369142
0	0	1	0	0	0	0	0	0	0	0	1	0	0	0	0.0630258173548073	0.317619705496096	0.5929777856852	1.52407975140976	-0.639028402059395	Paysage cultive a ragosses	Bassin de Pontivy-Loudeac	0.5223562480527	0.590895621796299	-0.40458236986234
0	0	0	0	0	0	0	0	0	0	0	0	0	0	0	-1.25007858354469	1.43440679703161	0.105820178920672	1.19167260949384	0.407839419684342	Paysage cultive a ragosses	Bassin de Pontivy-Loudeac	0.522356248054247	0.58164825804353	-0.127588873905869
0	0	0	0	0	0	0	0	0	0	0	0	0	0	0	-0.151353991209763	0.666645412422131	0.454285290481202	0.715305350921954	0.783027184603725	Paysage cultive a ragosses	Bassin de Pontivy-Loudeac	0.522356248055754	0.57236942586697	0.149385739143685
0	0	0	0	0	0	0	0	0	0	0	0	0	0	0	-0.373292161056223	1.7173387427901	0.0536591145344208	0.237630954394777	1.53543206816504	Paysage cultive a ragosses	Massif du Mene	0.522356248054624	0.563058964612589	0.426340761918109
0	0	1	0	0	0	1	0	1	0	1	1	1	0	0	-0.030806633364999	1.24932369574205	0.311144052406462	-0.209318217858632	0.438053406832498	Paysage cultive a ragosses	Plateau de Penthievre	0.522356248053441	0.553716712538624	0.703275485962939
0	1	1	1	0	0	0	0	0	0	0	0	0	0	0	-0.0700059650674295	0.190754104555241	1.01173285776781	-0.5497069242846	0.655348523158238	Paysage cultive a ragosses	Plateau de Penthievre	0.522356248053624	0.544342506786956	0.980189201965094
0	0	0	0	0	0	0	0	0	0	0	0	0	0	0	-1.04094300394615	1.63097025527339	0.128627704272543	-0.861526281356779	0.883173646972214	Paysage cultive a ragosses	Plateau de Penthievre	0.42151685830612	0.53371513338838	1.25400829936245
0	1	1	1	1	1	1	1	1	1	1	1	1	0	1	1.35026797310777	-0.434292706935495	1.6602221964944	-1.04481396629729	1.58151709548048	Paysage cultive a ragosses	Plateau de Penthievre	-2.1388179834821	0.538709172318531	1.45571532519933
0	1	0	0	0	0	0	1	1	0	1	0	0	0	0	-0.262268305399064	-0.998724925031242	-0.174155601126282	-0.180593043062798	-0.452313493652694	Paysage cultive a ragosses	Marches de Bretagne	-2.23654286617677	0.749222495717212	-1.9914192610084
1	0	1	0	1	1	0	0	0	1	0	1	1	1	1	0.166513330115572	-0.812314828868807	1.01933148565833	0.0063098235106233	-0.75854080444429	Paysage boise et de bosquets	Reliefs des Landes de Lanvaux	-0.382761816085566	0.758129313295221	-1.76759557796387
1	0	0	0	1	0	1	1	1	1	0	0	0	0	0	0.961422184290475	-0.859541310195494	-0.582918574792461	0.34501524828725	-0.647905885284564	Paysage boise et de bosquets	Reliefs des Landes de Lanvaux	0.522356248057375	0.763872661814369	-1.49444818463292
0	0	0	0	0	0	0	0	0	1	0	0	0	0	0	0.783406840295442	0.153022516098681	-0.210239062919412	0.732529372304568	1.18226661468346	Paysage boise et de bosquets	Reliefs des Landes de Lanvaux	0.522356248057148	0.754978570343202	-1.21735626262938
1	1	0	0	0	0	0	0	1	0	1	0	0	1	0	0.307781089633404	0.5066600216029	0.148744085753948	1.1534156290957	-0.105031663068949	Paysage boise et de bosquets	Reliefs des Landes de Lanvaux	0.522356248060567	0.746054409593575	-0.940280348956781
0	0	0	1	0	0	0	0	1	1	0	0	0	1	0	0.336295999772836	-1.36000853568139	0.658493331014021	1.56213456422696	-0.244613936161419	Paysage boise et de bosquets	Reliefs des Landes de Lanvaux	0.522356248055339	0.73710002704196	-0.663221146712167
0	0	1	1	0	0	1	0	1	0	1	0	0	0	1	-0.56635982383746	-1.36795759151695	2.74560110323501	1.46553051384948	0.108227952318002	Paysage cultive a ragosses	Bassin de Pontivy-Loudeac	0.522356248056298	0.72811526910469	-0.386179360043126
0	0	1	0	0	0	1	0	0	0	0	0	0	0	0	-0.996366232045432	1.63949492884703	-0.208085204699572	0.996744443016786	0.14639668779788	Paysage cultive a ragosses	Bassin de Pontivy-Loudeac	0.522356248057108	0.719099981201896	-0.109155694120249
0	1	1	1	1	1	0	0	0	0	0	1	0	0	0	-0.563540369574413	1.07396975699963	-0.149511195457613	0.539162742816123	0.704191367479771	Paysage cultive a ragosses	Bassin de Pontivy-Loudeac	0.522356248058907	0.710054007674977	0.167849144924617
1	0	1	1	0	0	0	0	0	0	0	0	0	0	1	-0.395513115700996	1.56290725748429	-0.151856330905789	0.0947566919808565	1.28922385513014	Paysage cultive a ragosses	Massif du Hingle-les-granits	0.522356248057523	0.700977191824667	0.444834449917305
1	0	1	1	0	0	0	1	1	0	0	0	0	0	0	1.13979642796913	0.749464657193248	-0.287515652619162	-0.361768793637426	0.736594280708094	Paysage cultive a ragosses	Plateau de Penthievre	0.522356248056535	0.691869375866895	0.72179951267167
1	1	0	1	1	0	0	0	0	1	0	0	0	1	0	-0.173629991818279	1.15106253664159	-0.125328036109969	-0.817709982121105	-0.105427499762162	Paysage cultive a ragosses	Plateau de Penthievre	0.52235624805692	0.682730400953337	0.998743624036083
1	0	1	1	0	1	0	0	1	1	1	0	0	0	0	0.548920943013198	0.373052253635695	-0.222583222846984	-1.00850925108048	1.26823898503122	Paysage cultive a ragosses	Plateau de Penthievre	-0.50925501721589	0.664766452881232	1.24937529579761
0	0	0	0	0	0	0	0	1	0	0	0	0	1	1	0.469784663694154	-0.312183580383108	-0.442366358000178	0.748589240539619	-0.0383973849300308	Paysage boise et de bosquets	Reliefs des Landes de Lanvaux	-0.212866580177439	0.896006252637308	-1.45422437408861
0	1	1	1	1	0	1	0	1	1	1	0	1	1	0	-0.325642172999591	1.17154524875277	-0.159649478011567	1.06259160199225	-0.335175227369693	Paysage boise et de bosquets	Reliefs des Landes de Lanvaux	0.522356248050129	0.891536716871633	-1.19951108271375
0	1	0	0	0	0	0	0	0	0	0	0	1	1	0	0.0350030181312639	1.10054896605177	-0.262645044681236	1.4420168987572	-0.461335962288666	Paysage boise et de bosquets	Reliefs des Landes de Lanvaux	0.522356248054361	0.882842459543633	-0.922405928386257
0	0	1	0	1	0	0	0	0	0	0	0	0	0	0	0.143318061912504	0.47662619189911	-0.33397524091581	1.73695236643705	-0.181073858862802	Paysage boise et de bosquets	Massif de Broceliande	0.522356248049359	0.87411875254363	-0.645317431496181
0	0	1	0	1	1	1	1	1	0	1	0	0	1	1	-0.144812328878253	0.0897621609661125	0.283361108672238	1.36022630617066	-0.365606029591015	Paysage cultive a ragosses	Bassin de Rennes	0.522356248050388	0.865365446193286	-0.36824629599621
0	1	1	1	1	1	0	0	0	0	0	0	1	0	0	-1.38422229443459	1.22109431394066	-0.212491212288174	0.860641636010946	0.0113544913955139	Paysage cultive a ragosses	Bassin de Rennes	0.522356248051143	0.856582389796438	-0.0911932268334915
0	1	1	1	0	1	0	0	1	0	0	1	1	1	0	-1.4839364063806	1.08821655314259	-0.296489914505456	0.363361232161806	0.301249947108964	Paysage cultive a ragosses	Bassin d'Evran	0.522356248053214	0.847769431630909	0.185841070103193
0	1	0	1	1	0	1	0	0	0	0	0	1	0	0	-0.570973776518603	1.41502115267616	-0.388026088950886	-0.123207379373341	0.127463272856078	Paysage cultive a ragosses	Massif du Hingle-les-granits	0.522356248050931	0.838926418950545	0.462855887777652
1	0	1	1	1	1	1	1	0	0	0	0	0	0	1	0.551096359500422	0.251354527491711	-0.725106079260277	-0.571006591964097	-0.248627556679981	Paysage cultive a ragosses	Val-de-Rance	0.522356248049993	0.830053197962891	0.739850518311755
1	0	1	1	0	0	0	0	0	0	0	0	0	0	0	0.132971622566907	0.683735899610263	-0.443663005405513	-0.798972189944086	0.0812239775273123	Paysage cultive a ragosses	Plateau de Penthievre	0.522356248051381	0.821149613821127	1.01682425268933
1	1	1	1	0	1	1	1	1	1	1	1	1	0	0	-0.0854375505438313	-0.521147332601465	-0.379703908524827	-0.984386858377354	0.132955921376304	Paysage cultive a ragosses	Plateau de Penthievre	0.291491263804328	0.81199364237523	1.28755513104181
1	1	0	1	0	0	0	0	0	0	0	1	0	1	0	0.584065589026133	-0.607406341898385	-0.643344348018445	1.19326349650376	-0.572563199894964	Paysage cultive a ragosses	Reliefs des Landes de Lanvaux	-1.26094416541316	1.03131675625913	-1.40101352364556
1	1	1	1	0	1	1	1	1	0	0	0	0	0	1	-0.829165218087831	0.55168139674055	-0.056442445376828	1.44746422409239	-0.682432746375408	Paysage boise et de bosquets	Reliefs des Landes de Lanvaux	0.522356248053087	1.02812416423533	-1.18213370483475
0	1	1	1	0	0	0	0	0	1	0	0	1	1	0	0.287017752108614	0.858558446158499	-0.140919782754074	1.77713466961415	-0.549147614021641	Paysage cultive a ragosses	Plissements de Bain-de-Bretagne	0.522356248057108	1.01965995901498	-0.905000072920343
1	0	0	0	1	1	0	0	1	0	0	0	1	1	1	0.242701347616404	-0.0265395917101201	-0.661234073937331	1.83551765475114	-0.633735329493368	Paysage cultive a ragosses	Plissements de Bain-de-Bretagne	0.522356248053055	1.01116707725653	-0.62788304587405
0	1	0	0	1	0	0	0	0	1	1	1	1	1	1	-0.477149032233722	0.366633950153066	-0.560528086849057	1.35479906242898	-0.300639967733711	Paysage cultive a ragosses	Bassin de Rennes	0.522356248053026	1.00264537318041	-0.350783327403248
0	1	1	1	0	1	1	0	0	0	1	0	0	1	1	-1.03080408788388	0.583834624214963	-0.316316285520479	0.85092774442122	-0.231605473800102	Paysage cultive a ragosses	Bassin de Rennes	0.522356248054973	0.994094699999326	-0.0737016222054232
0	0	1	0	0	1	0	1	0	1	0	0	0	0	0	-1.33757194107957	1.4503677615429	-0.493947696179747	0.350422700073771	0.138743845062432	Paysage cultive a ragosses	Collines de Becherel	0.522356248055973	0.985514909946811	0.203361363886258
0	0	1	1	0	1	0	0	1	0	1	0	0	0	0	-1.3545646300878	1.66222708696905	-0.410753890897111	-0.144189168943835	0.823107694174217	Paysage cultive a ragosses	Bassin d'Evran	0.52235624805442	0.976905854215584	0.480404924245884
0	1	0	0	0	1	1	0	0	1	0	1	0	0	1	-0.103681984767631	0.617869551446249	-0.249436600513149	-0.620402484723072	-0.0161708562367662	Paysage cultive a ragosses	Val-de-Rance	0.522356248052848	0.968267383033117	0.757428351026652
1	0	1	1	1	1	0	0	0	1	1	0	1	0	1	0.999432523176001	0.0652166412661695	-0.416287520482034	-0.959668818336078	0.0904637032651424	Paysage cultive a ragosses	Val-de-Rance	0.378354139653146	0.960571024250128	1.03163764973654
1	1	1	1	0	0	0	0	0	0	1	1	1	0	1	-0.194467090934494	-0.0313801746265302	0.0162493853645414	-0.976359470663815	-0.535170887811656	Paysage cultive a ragosses	Val-de-Rance	0.256414238152216	0.953851500354698	1.31529605743882
0	0	1	1	1	1	0	1	0	1	1	1	1	0	1	-0.0439031690593261	-0.289424681234551	0.803663610812146	-1.01831700360387	0.118325655745978	Paysage de cultures legumieres	Zone legumiere du Mont-Saint-Michel	-1.91184239870772	0.95694423656165	1.51672600470373
1	1	0	0	0	0	0	0	1	1	0	0	0	0	0	-0.577693787772651	0.957369281915751	-0.463510154609438	1.42962906575307	-0.474516373810965	Paysage cultive a ragosses	Reliefs des Landes de Lanvaux	-1.22255926354101	1.16966416285791	-1.38473984990104
1	1	1	0	1	0	0	0	0	0	1	1	1	1	1	-1.25183510024781	1.3143967267852	-0.0466794964904938	1.79528997489636	-0.634877089603439	Paysage boise et de bosquets	Reliefs des Landes de Lanvaux	0.522356248055303	1.16474014315172	-1.16522427325627
0	0	0	0	1	1	0	1	1	0	1	0	0	0	0	0.318683493212833	0.340903825832712	-0.440148102131044	2.13912837083266	-0.781936499026497	Paysage cultive a ragosses	Plissements de Bain-de-Bretagne	0.522356248060536	1.15650613483278	-0.888062927356123
1	1	1	1	1	0	0	0	1	0	1	1	1	1	0	0.30618585760406	-0.632930994570318	-0.664268131606207	1.93446758281808	-0.65355037066031	Paysage cultive a ragosses	Bassin de Rennes	0.522356248056545	1.14824422411126	-0.610918135125082
0	1	1	1	1	1	1	1	1	1	1	1	1	1	1	-0.200310770445713	-0.926605062103738	-0.291922544386015	1.44683068843521	-0.615650609639192	Paysage cultive a ragosses	Bassin de Rennes	0.522356248055978	1.1399542690842	-0.333790600041931
1	1	1	1	1	1	1	1	1	1	1	0	0	1	1	-0.593564640039745	0.548445275416909	-0.398920638635671	0.965446314050894	-0.275060209386943	Paysage cultive a ragosses	Bassin de Rennes	0.52235624805828	1.13163612690785	-0.0566810266271846
0	1	1	0	0	0	0	0	1	0	1	0	1	1	0	-0.379880612456917	1.06108378198537	-0.486120655574341	0.497475478678314	-0.371637290071799	Paysage cultive a ragosses	Collines de Becherel	0.522356248058861	1.12328965373786	0.220409879513469
0	0	0	0	0	1	1	1	0	0	1	1	1	0	1	-0.12506293800565	0.102973370858802	-0.218176183717088	0.0548168161178648	-0.47285810317491	Paysage cultive a ragosses	Bassin d'Evran	0.522356248057543	1.11491470477821	0.49748141190244
0	0	0	0	0	0	1	0	1	0	1	0	0	1	0	-0.322464919972202	-0.0614766286147159	-0.643526488738186	-0.315487864981367	-0.406635132733406	Paysage de bocage dense sur collines	Massif de Saint-Pierre-de-Plesguen	0.522356248055982	1.10651113421478	0.774532862984456
0	0	0	0	0	0	0	0	0	1	0	0	0	0	0	-0.654496668688524	0.0556202696286377	-0.139729384101921	-0.65249316081024	-0.0782179816299381	Paysage cultive a ragosses	Bassin de Pleine-Fougeres	0.522356248056723	1.09807879526795	1.05156352424122
0	0	1	0	0	0	0	0	0	0	0	1	1	0	1	-1.57859564747587	1.96305357915832	0.855195877098775	-0.958909362398359	-1.63597902874698	Paysage de cultures legumieres	Zone legumiere du Mont-Saint-Michel	-1.02738125661222	1.07985854669825	1.28370619120595
0	0	0	0	0	0	0	0	0	0	1	0	1	1	0	1.33877327495844	-0.344527423380077	0.0191590686260872	-1.04405624517271	0.867452896560028	Paysage de cultures legumieres	Zone legumiere du Mont-Saint-Michel	-2.77797618311196	1.03930152253734	1.55604717924304
0	0	0	0	0	0	0	0	0	0	0	0	0	0	0	-1.87922697663322	0.658698756422287	-0.625590490824156	1.58265061530153	0.596616170922411	Paysage cultive a ragosses	Plissements de Bain-de-Bretagne	-3.00820045419301	1.25904084783878	-1.35700954690184
0	1	0	0	0	0	0	0	0	0	0	1	1	0	0	-1.10628146199276	0.607493347479012	-0.0666072532783172	2.02512091637658	-0.404495271837992	Paysage cultive a ragosses	Plissements de Bain-de-Bretagne	0.203668401473782	1.29770114306254	-1.1396922880911
1	1	1	1	0	1	1	1	1	1	1	1	1	1	0	-0.249293971744256	0.421269295723498	-0.34111055940272	2.39163606561357	-0.651254252622461	Paysage cultive a ragosses	Bassin de Rennes	0.522356248054316	1.29338021289924	-0.871594632591122
1	0	1	1	1	0	0	0	0	0	1	1	1	1	1	0.199067513074645	0.102639450860644	-0.423644472983903	2.09019840966186	-0.718059595864978	Paysage cultive a ragosses	Bassin de Rennes	0.522356248050191	1.28534941511406	-0.594422840636681
1	1	1	0	1	1	1	1	1	1	1	1	1	1	1	-1.13604591550921	-0.856197767654098	-0.384910244793777	1.62616723537233	0.124158224329945	Paysage cultive a ragosses	Bassin de Rennes	0.522356248049754	1.27729135200172	-0.317268255808613
0	1	1	1	0	0	1	1	1	1	1	1	1	1	1	-0.679780380756091	-0.863265398114657	-0.321014219295008	1.17876709617977	-0.230018369783374	Paysage boise et de bosquets	Collines de Saint-Aubin-d'Aubigne	0.522356248051463	1.26920588464222	-0.0401315824772464
0	0	0	1	0	1	0	0	1	0	0	1	1	0	1	-0.669761464894782	0.551343819849883	-0.536067737619672	0.758054622409505	-0.514136068470599	Paysage cultive a ragosses	Collines de Becherel	0.522356248052816	1.26109287317165	0.236986474009393
0	1	1	0	0	1	1	1	1	0	0	1	0	0	0	-0.513138083330511	0.246908888967367	-0.290246142421804	0.350142426679561	-0.630033781230985	Paysage cultive a ragosses	Bassin d'Evran	0.522356248051462	1.25295217675026	0.514085207369583
0	0	0	0	0	0	0	1	1	0	1	1	1	0	1	-1.15384557834595	0.883111051087691	-0.69359661892347	-0.100708464030679	-0.737274362068902	Paysage de bocage dense sur collines	Massif de Saint-Pierre-de-Plesguen	0.522356248049556	1.24478365360832	0.791163910202599
0	0	0	0	1	1	1	1	0	0	1	1	0	0	0	-0.788667352100651	0.625433833622059	-0.449735983723647	-0.600169410334147	-0.233709751385853	Paysage de bocage dense sur collines	Massif de Saint-Broladre	0.522356248051106	1.23658716098651	1.0682218742301
0	0	0	1	1	1	1	1	1	0	1	1	1	1	1	-2.29666529039882	1.65891577079298	1.13581931771471	-0.970185756437924	-2.14697171057586	Paysage de bocage dense sur collines	Massif de Saint-Broladre	-1.60814395189095	1.23258321363768	1.27453831707989
0	0	0	0	0	0	0	0	0	0	0	1	0	0	0	-1.06101991830304	0.152726764916194	0.445314123218787	2.32982028653772	-0.480552496607355	Paysage cultive a ragosses	Plissements de Bain-de-Bretagne	-1.50505437698336	1.42297504275071	-1.07716122666593
0	0	0	0	0	0	0	0	0	0	0	0	0	0	0	-0.962934065964618	1.35423308544229	0.0475687473773469	2.61704654631967	-0.97028183026169	Paysage cultive a ragosses	Bassin de Rennes	0.52235624805704	1.43028141814872	-0.855595325654549
0	0	0	0	1	0	0	0	1	1	1	0	1	0	1	-1.32137246440892	1.25760610018631	0.353175823384313	2.30729568992642	-0.592694954619345	Paysage cultive a ragosses	Bassin de Rennes	0.522356248053227	1.42248187127199	-0.578397299948343
1	1	1	1	1	0	1	0	0	0	1	1	1	1	0	-1.09414823066398	0.409711229805235	0.052262554986704	1.85408173631688	-0.716016539252997	Paysage cultive a ragosses	Bassin de Rennes	0.522356248053052	1.41465583900785	-0.301216432766578
0	1	1	0	1	0	1	0	1	1	1	0	1	0	0	-0.617907616586905	-0.744285657335518	0.746482329678815	1.39267429945795	-0.39855153303812	Paysage boise et de bosquets	Collines de Saint-Aubin-d'Aubigne	0.522356248054255	1.4068031863379	-0.0240534282552619
0	1	1	0	1	1	0	1	0	0	0	0	1	1	1	-1.3903863414548	-0.988190789018334	0.264845974003694	0.910160914714737	-0.328317594250203	Paysage boise et de bosquets	Collines de Saint-Aubin-d'Aubigne	0.522356248056176	1.39892377737365	0.253091008414663
0	0	1	1	1	1	0	0	0	0	0	0	1	0	0	-1.13600683287495	0.482770228442806	-0.682008578763687	0.408220712253295	-0.689357346841655	Paysage cultive a ragosses	Bassin d'Evran	0.522356248054018	1.39101747530625	0.530216171121125
0	0	0	1	0	0	0	1	1	0	0	0	1	0	0	-1.1086688054404	0.596005905297526	0.0597595023783413	-0.0925208700947782	-0.852265916011771	Paysage de bocage dense sur collines	Massif de Saint-Pierre-de-Plesguen	0.522356248053231	1.38308414233462	0.807321352713241
0	0	0	1	1	0	1	0	0	0	0	0	0	0	0	-0.972945275391011	1.09533880843514	0.147795804579573	-0.559370660163582	-0.545198529692034	Paysage de bocage dense sur collines	Massif de Saint-Broladre	-0.561547933505341	1.3582905894391	1.07242616062619
0	0	0	1	0	0	1	0	1	1	1	1	1	0	1	-2.86570844521403	2.36743641081575	2.61454879229934	-0.928658746795538	-2.48698327425663	Paysage de bocage dense sur collines	Massif de Saint-Broladre	-2.37852038946216	1.33644838849681	1.29347662736966
0	0	0	0	1	0	0	0	0	0	0	0	0	0	0	-0.618327617290286	0.810525391475564	0.102637726668641	2.64200564996107	-0.32059402692412	Paysage cultive a ragosses	Plissements de Bain-de-Bretagne	-0.836052219355696	1.5838068036391	-1.07759874010207
0	0	0	0	0	0	1	0	0	0	0	1	0	0	0	-1.38380559648903	1.35326080914377	0.546934203255725	2.83588841502149	0.248645438623007	Paysage cultive a ragosses	Bassin de Rennes	0.5223562480573	1.56720897456089	-0.840065139745986
0	0	1	1	1	0	1	0	1	0	0	0	0	1	0	-1.29814141632942	1.76690837799841	0.449808990721632	2.44435797229969	-0.451748138956302	Paysage cultive a ragosses	Bassin de Rennes	0.522356248053236	1.55964081267348	-0.562841646693366
0	1	1	1	1	1	0	1	1	0	1	0	0	1	1	-0.85782379819264	1.06640821749322	0.0116633001387847	1.94251798471362	-0.58035086138131	Paysage cultive a ragosses	Collines de Saint-Aubin-d'Aubigne	0.522356248053054	1.5520469462204	-0.285635265011097
0	0	0	1	0	0	0	0	1	0	0	0	1	1	0	-0.491564469219382	-0.210974280244879	0.214473602219552	1.44079288701356	-0.617107315191937	Paysage cultive a ragosses	Collines de Saint-Aubin-d'Aubigne	0.522356248053803	1.54442724416891	-0.00844669857029439
0	1	1	1	1	0	0	0	1	1	1	1	1	1	1	-1.2165996283947	-0.833811642986707	-0.414120694314509	0.940126514095071	-0.49291891229431	Paysage boise et de bosquets	Collines de Saint-Aubin-d'Aubigne	0.522356248056708	1.5367815745736	0.268723347612404
1	1	0	0	0	0	1	1	0	0	0	0	0	1	0	-1.08817354175905	-0.00446704557624473	-0.735875222996438	0.43927506225936	-1.19701624827946	Paysage boise et de bosquets	Collines de Saint-Aubin-d'Aubigne	0.522356248053657	1.5291098045832	0.545874167632959
0	0	0	0	0	0	1	0	0	0	1	1	0	0	0	-0.71168887456043	0.501396610488968	-0.28376143176471	-0.0208460906067822	-0.607145756600934	Paysage cultive a ragosses	Avranchin et Val-de-See	-0.20319039774306	1.52056417789666	0.801449591689045
1	0	0	0	0	0	0	0	0	0	0	0	0	0	0	-2.01562481973849	0.859524551450898	0.827629262310003	2.82566920102553	0.205540126716775	Paysage cultive a ragosses	Plissements de Bain-de-Bretagne	-1.98554196307551	1.67338273172185	-1.07819681536496
0	1	0	0	1	0	0	0	1	0	0	0	0	0	0	-1.47601859495545	-0.229090525784625	2.29684586309034	2.95761762837142	0.494351949093082	Paysage cultive a ragosses	Bassin de Rennes	-0.121690230245741	1.69425258721348	-0.816086785150144
0	0	0	0	1	0	0	0	1	0	0	0	0	0	0	-2.13712337183677	1.20557766187045	0.0326087460937003	2.50368710943918	-0.560015552444507	Paysage cultive a ragosses	Bassin de Rennes	0.521685870469808	1.69681390261825	-0.547735096331836
1	1	1	0	0	0	1	0	1	0	0	1	1	0	0	-0.880243468766535	0.709673552581077	-0.10556532592903	2.00094962909645	-0.576077327992163	Paysage cultive a ragosses	Plateau de Fougeres	0.522356248056152	1.68946388892124	-0.270524882719623
0	0	0	0	1	0	0	1	0	0	0	0	0	0	0	-0.888939079659404	0.337585424427388	-0.17226449121008	1.49780704122285	-0.819108238792761	Paysage boise et de bosquets	Collines de Saint-Aubin-d'Aubigne	0.52235624805692	1.68207726939402	0.00668847591438022
0	0	1	0	0	0	0	0	0	0	0	0	0	0	0	-1.11497046736998	0.685576459326295	-0.204990728183532	0.99645963195481	-0.794897664317826	Paysage boise et de bosquets	Collines de Saint-Aubin-d'Aubigne	0.522356248059596	1.67466547197395	0.283883360477765
0	1	1	1	1	1	0	0	0	0	0	0	0	0	0	-0.687665164602996	-0.130688347766385	-0.40505889878135	0.49819696785328	-0.748177662787085	Paysage de bocage dense sur collines	Bocage Mayennais	0.522356248057489	1.66722836783208	0.561059065244539
0	0	0	1	1	0	1	0	0	0	0	0	0	0	0	-1.38198907968543	0.621632950959995	-0.621179620255172	0.00584176790775498	-0.946190161504761	Paysage de bocage dense sur collines	Bocage Mayennais	0.52235624805614	1.65976582726547	0.838214883346185
0	0	0	1	0	0	0	0	0	0	0	0	0	1	0	-1.60066962939744	0.536632826912788	-0.68775279013543	-0.316618420078229	-1.03842254218114	Paysage de bocage dense sur collines	Bocage Mayennais	-2.18368807012763	1.67422088191984	1.04197676810661
0	0	0	0	1	0	0	0	0	0	0	0	0	0	0	-1.49056944501193	0.84836782948661	-0.0388859072955903	2.51975392899506	-0.812519359117686	Paysage cultive a ragosses	Plateau de Fougeres	-0.44733231769482	1.82993231694977	-0.502703143110745
0	0	0	1	1	0	0	0	0	0	0	0	1	0	1	-0.920502985730699	0.177882757111044	0.521612517046663	2.09351167950081	-0.622473543506402	Paysage cultive a ragosses	Plateau de Fougeres	0.131669308233775	1.82087692190448	-0.261882267862477
0	0	0	0	0	0	0	1	0	0	0	0	0	0	0	-1.49206779614508	0.379236058885532	-0.196509690398347	1.59479727609115	-0.769203199525621	Paysage de bocage dense sur collines	Bocage Mayennais	-0.513260385643918	1.8028592984049	0.0154633653398837
0	0	1	0	1	1	0	0	0	1	0	0	0	0	0	-0.704302807145064	0.659758341029709	-0.346455564294061	1.08634310673088	0.0247302795994434	Paysage de bocage dense sur collines	Bocage Mayennais	-0.655560289416669	1.7939462498199	0.307007911738928
0	0	0	1	0	0	0	0	0	0	0	0	0	0	0	-1.15572870076568	-0.165264266534714	-0.172976696791394	0.657907908605527	-0.749066140456943	Paysage de bocage dense sur collines	Bocage Mayennais	0.416259171186236	1.80368672823131	0.574363380445524
0	1	1	0	1	0	0	1	0	0	1	0	0	0	0	-1.30126967844907	0.178943255941592	-0.570534626843587	0.21312262460028	-1.20085283630709	Paysage de bocage dense sur collines	Bocage Mayennais	0.1585433211614	1.79219455244968	0.855158919586822
0	0	0	1	0	0	0	0	0	0	0	0	0	0	0	-0.957961213599855	-0.0794047727455102	-0.577684534271642	-0.0591877419545343	-1.10415950207637	Paysage de bocage dense sur collines	Bocage Mayennais	-2.53596551309705	1.77743905688015	1.03252273436851
